# Leagues

  World Cup - 21 records
    World Cup 1930  - teams: 13, matches: 18, rounds: 12
    World Cup 1934  - teams: 16, matches: 17, rounds: 6
    World Cup 1938  - teams: 15, matches: 18, rounds: 7
    World Cup 1950  - teams: 13, matches: 22, rounds: 2
    World Cup 1954  - teams: 16, matches: 26, rounds: 8
    World Cup 1958  - teams: 16, matches: 35, rounds: 10
    World Cup 1962  - teams: 16, matches: 32, rounds: 7
    World Cup 1966  - teams: 16, matches: 32, rounds: 7
    World Cup 1970  - teams: 16, matches: 32, rounds: 7
    World Cup 1974  - teams: 16, matches: 38, rounds: 8
    World Cup 1978  - teams: 16, matches: 38, rounds: 8
    World Cup 1982  - teams: 24, matches: 52, rounds: 9
    World Cup 1986  - teams: 24, matches: 52, rounds: 8
    World Cup 1990  - teams: 24, matches: 52, rounds: 8
    World Cup 1994  - teams: 24, matches: 52, rounds: 8
    World Cup 1998  - teams: 32, matches: 64, rounds: 8
    World Cup 2002  - teams: 32, matches: 64, rounds: 8
    World Cup 2006  - teams: 32, matches: 64, rounds: 20
    World Cup 2010  - teams: 32, matches: 64, rounds: 20
    World Cup 2014  - teams: 32, matches: 64, rounds: 20
    World Cup 2018  - teams: 32, matches: 64, rounds: 20

World Cup  - 21 seasons

  1. Brazil                    21  (2018, 2014, 2010, 2006, 2002, 1998, 1994, 1990, 1986, 1982, 1978, 1974, 1970, 1966, 1962, 1958, 1954, 1950, 1938, 1934, 1930)
  2. Italy                     18  (2014, 2010, 2006, 2002, 1998, 1994, 1990, 1986, 1982, 1978, 1974, 1970, 1966, 1962, 1954, 1950, 1938, 1934)
  3. Argentina                 17  (2018, 2014, 2010, 2006, 2002, 1998, 1994, 1990, 1986, 1982, 1978, 1974, 1966, 1962, 1958, 1934, 1930)
  4. Mexico                    16  (2018, 2014, 2010, 2006, 2002, 1998, 1994, 1986, 1978, 1970, 1966, 1962, 1958, 1954, 1950, 1930)
  5. England                   15  (2018, 2014, 2010, 2006, 2002, 1998, 1990, 1986, 1982, 1970, 1966, 1962, 1958, 1954, 1950)
  6. France                    15  (2018, 2014, 2010, 2006, 2002, 1998, 1986, 1982, 1978, 1966, 1958, 1954, 1938, 1934, 1930)
  7. Spain                     15  (2018, 2014, 2010, 2006, 2002, 1998, 1994, 1990, 1986, 1982, 1978, 1966, 1962, 1950, 1934)
  8. Belgium                   13  (2018, 2014, 2002, 1998, 1994, 1990, 1986, 1982, 1970, 1954, 1938, 1934, 1930)
  9. Uruguay                   13  (2018, 2014, 2010, 2002, 1990, 1986, 1974, 1970, 1966, 1962, 1954, 1950, 1930)
 10. Sweden                    12  (2018, 2006, 2002, 1994, 1990, 1978, 1974, 1970, 1958, 1950, 1938, 1934)
 11. Switzerland               11  (2018, 2014, 2010, 2006, 1994, 1966, 1962, 1954, 1950, 1938, 1934)
 12. Netherlands               10  (2014, 2010, 2006, 1998, 1994, 1990, 1978, 1974, 1938, 1934)
 13. South Korea               10  (2018, 2014, 2010, 2006, 2002, 1998, 1994, 1990, 1986, 1954)
 14. United States             10  (2014, 2010, 2006, 2002, 1998, 1994, 1990, 1950, 1934, 1930)
 15. West Germany (-1989)      10  (1990, 1986, 1982, 1978, 1974, 1970, 1966, 1962, 1958, 1954)
 16. Chile                      9  (2014, 2010, 1998, 1982, 1974, 1966, 1962, 1950, 1930)
 17. Germany                    9  (2018, 2014, 2010, 2006, 2002, 1998, 1994, 1938, 1934)
 18. Hungary                    9  (1986, 1982, 1978, 1966, 1962, 1958, 1954, 1938, 1934)
 19. Yugoslavia (-2003)         9  (1998, 1990, 1982, 1974, 1962, 1958, 1954, 1950, 1930)
 20. Czechoslovakia (-1992)     8  (1990, 1982, 1970, 1962, 1958, 1954, 1938, 1934)
 21. Paraguay                   8  (2010, 2006, 2002, 1998, 1986, 1958, 1950, 1930)
 22. Poland                     8  (2018, 2006, 2002, 1986, 1982, 1978, 1974, 1938)
 23. Scotland                   8  (1998, 1990, 1986, 1982, 1978, 1974, 1958, 1954)
 24. Austria                    7  (1998, 1990, 1982, 1978, 1958, 1954, 1934)
 25. Bulgaria                   7  (1998, 1994, 1986, 1974, 1970, 1966, 1962)
 26. Cameroon                   7  (2014, 2010, 2002, 1998, 1994, 1990, 1982)
 27. Portugal                   7  (2018, 2014, 2010, 2006, 2002, 1986, 1966)
 28. Romania                    7  (1998, 1994, 1990, 1970, 1938, 1934, 1930)
 29. Soviet Union (-1991)       7  (1990, 1986, 1982, 1970, 1966, 1962, 1958)
 30. Colombia                   6  (2018, 2014, 1998, 1994, 1990, 1962)
 31. Japan                      6  (2018, 2014, 2010, 2006, 2002, 1998)
 32. Nigeria                    6  (2018, 2014, 2010, 2002, 1998, 1994)
 33. Australia                  5  (2018, 2014, 2010, 2006, 1974)
 34. Costa Rica                 5  (2018, 2014, 2006, 2002, 1990)
 35. Croatia                    5  (2018, 2014, 2006, 2002, 1998)
 36. Denmark                    5  (2018, 2010, 2002, 1998, 1986)
 37. Iran                       5  (2018, 2014, 2006, 1998, 1978)
 38. Morocco                    5  (2018, 1998, 1994, 1986, 1970)
 39. Peru                       5  (2018, 1982, 1978, 1970, 1930)
 40. Saudi Arabia               5  (2018, 2006, 2002, 1998, 1994)
 41. Tunisia                    5  (2018, 2006, 2002, 1998, 1978)
 42. Algeria                    4  (2014, 2010, 1986, 1982)
 43. Russia                     4  (2018, 2014, 2002, 1994)
 44. Bolivia                    3  (1994, 1950, 1930)
 45. Côte d'Ivoire              3  (2014, 2010, 2006)
 46. Ecuador                    3  (2014, 2006, 2002)
 47. Egypt                      3  (2018, 1990, 1934)
 48. Ghana                      3  (2014, 2010, 2006)
 49. Greece                     3  (2014, 2010, 1994)
 50. Honduras                   3  (2014, 2010, 1982)
 51. Ireland                    3  (2002, 1994, 1990)
 52. Northern Ireland           3  (1986, 1982, 1958)
 53. Norway                     3  (1998, 1994, 1938)
 54. South Africa               3  (2010, 2002, 1998)
 55. El Salvador                2  (1982, 1970)
 56. New Zealand                2  (2010, 1982)
 57. North Korea                2  (2010, 1966)
 58. Senegal                    2  (2018, 2002)
 59. Serbia                     2  (2018, 2010)
 60. Slovenia                   2  (2010, 2002)
 61. Turkey                     2  (2002, 1954)
 62. Angola                     1  (2006)
 63. Bosnia and Herzegovina     1  (2014)
 64. Canada                     1  (1986)
 65. China                      1  (2002)
 66. Cuba                       1  (1938)
 67. Czech Republic             1  (2006)
 68. Dutch East Indies (-1945)   1  (1938)
 69. East Germany (-1989)       1  (1974)
 70. Haiti                      1  (1974)
 71. Iceland                    1  (2018)
 72. Iraq                       1  (1986)
 73. Israel                     1  (1970)
 74. Jamaica                    1  (1998)
 75. Kuwait                     1  (1982)
 76. Panama                     1  (2018)
 77. Serbia and Montenegro (-2006)   1  (2006)
 78. Slovakia                   1  (2010)
 79. Togo                       1  (2006)
 80. Trinidad and Tobago        1  (2006)
 81. Ukraine                    1  (2006)
 82. United Arab Emirates       1  (1990)
 83. Wales                      1  (1958)
 84. Zaire (-1997)              1  (1974)


